-936.0,38910.0,99.0
-1116.0,-22250.0,99.0
-13994.0,-20111.0,97.0
-14076.0,38887.0,92.0
---
-951.0,-5017.0,99.0
-14060.0,-5140.0,99.0
-13920.0,-7260.0,99.0
-979.0,-7161.0,99.0
---
-985.0,15771.0,99.0
-14060.0,15776.0,89.0
-14039.0,18001.0,99.0
-1032.0,17958.0,99.0
---
-7396.0,38869.0,98.0
-7425.0,15777.0,98.0
-7440.0,15840.0,99.0
-7378.0,-21160.0,99.0
---
1085.0,-22622.0,130.0
1104.0,38986.0,130.0
---
-7460.0,4023.0,91.0
-896.0,3863.0,98.0
---
-7417.0,6905.0,90.0
-952.0,6892.0,98.0
---
-1015.0,11094.0,98.0
-7404.0,11101.0,90.0
---
-7283.0,28722.0,93.0
-942.0,28926.0,98.0
---
-900.0,25210.0,98.0
-7465.0,25225.0,91.0
---
-7521.0,22280.0,93.0
-1003.0,22245.0,98.0
---
1019.0,17727.0,98.0
-981.0,17802.0,99.0
---
-730.0,15870.0,99.0
1184.0,15854.0,98.0
---
1097.0,39017.0,98.0
-905.0,38927.0,99.0
---
1100.0,-5237.0,98.0
-964.0,-5229.0,99.0
---
-1029.0,-7181.0,99.0
1026.0,-7078.0,98.0
---
1145.0,-22631.0,203.0
-1119.0,-22261.0,203.0
